3.496610740963580679e-03
3.341149557213861929e-04
5.917558158142069424e-02
1.831332898552273658e-02
-1.024051764292055119e-02
2.981029195044477415e-02
4.803144588369888390e-02
-4.635557079981344683e-03
-5.464884739544497577e-02
-1.652627982693626388e-02
-3.066179197019863745e-02
-6.310363287696053869e-02
3.374670377948646438e-02
-2.270648967402937035e-02
-1.660594234086718371e-03
-7.775826494117921497e-03
6.502330259991379036e-02
-2.592551751833667428e-02
7.130137761771437876e-02
6.309004746757368443e-02
-1.631795818789041896e-02
-6.585821767275443217e-02
1.372440628735545343e-02
-7.209863876194461986e-03
-2.668106168396487954e-01
-3.591393650658664116e-03
-5.427616127200648316e-02
-1.044233757327556633e+00
-3.154698567663687114e-02
3.650521097330062248e-01
-6.732366326451862115e-02
3.076362313868848120e-02
-3.666093937369581390e-02
6.324016219197864386e-02
-5.447502738876104297e-03
2.155656391972823535e-02
-3.816714827706898377e-02
-4.720869707793001746e-02
-8.549967886813100715e-02
-1.054156058784856131e-01
-8.161141145393655677e-03
-7.478508925200683111e-01
-7.446968320815483544e-01
-2.525364175834763150e-02
2.305386593684576393e-02
-5.949934273567530213e-03
1.936408328175208415e-02
5.558939643097853683e-02
-2.410263809618096512e-02
2.820299572245227662e-02
-3.499421301153475550e-02
7.287636771048346118e-02
5.173203401636461418e-01
-1.027485215905130957e-02
3.889494739216793617e-02
-2.471672497514276409e-02
2.064309415279497704e-03
-2.472957263203766354e-01
6.646874625886334265e-02
3.842170199232360864e-03
-2.079504757813362484e-02
1.477901614164917748e-02
-7.829720951142103702e-02
-1.005875155923630603e-02
4.102381008620123275e-03
-7.020322564174660829e-02
-3.415877965083714829e-02
-1.730251331081460783e-03
-3.295714993677161756e-03
-4.341243707115299312e-03
-6.173862512376301348e-01
7.758027087385285011e-04
1.420199617575271245e-01
2.337652934324338863e-02
-1.220011388079560860e-01
-1.098792976954723610e-01
-3.431541312531451865e-02
8.677135972018383547e-02
6.267405372584797241e-02
2.006663858329616260e-02
7.065438044893684877e-02
-4.073779295567475645e-01
5.918374208007456255e-02
2.783223101066379691e-03
-1.175011032067226763e-02
6.408145663294539940e-02
-2.171792974702470291e-02
-1.355541754014312657e-02
-4.943404034859720797e-01
-6.507013800909818013e-02
-8.075068047168829088e-03
2.251723702599045251e-01
-1.757896298019165707e-02
-1.088388890430614341e-02
-5.244914716400009974e-02
-1.367702028504238186e-02
-3.672293981210882768e-02
1.138393825025464934e-01
-8.625450599518179676e-03
4.373572107117520286e-02
-3.745583613000843387e-02
-2.105571810597658966e-02
-6.316199957949668320e-02
-2.847308652494904072e-02
1.988282141633079120e-02
3.514656297660500098e-03
-4.958411376121132225e-02
8.470149180971326200e-03
5.883498641357302189e-02
2.537089752973236551e-02
1.874335487663612160e-02
-3.046913709261575304e-03
2.196977876882260511e-02
1.882788954469980999e-02
-7.406862206042914842e-02
-2.189620523990604140e-02
3.415758278709945389e-03
-9.914454411280133606e-01
-2.700761518140875131e-02
3.296592587308323774e-02
-4.101193466107300178e-02
3.954195073976756770e-03
3.957490126917209000e-02
-2.120917552830055980e-02
-9.058252780831257955e-02
-4.130430984385113219e-02
-1.466413951384370681e-02
1.786379825150889722e-02
-1.281445038716820702e-02
4.967451265535428179e-02
-2.356904403324281208e-02
-2.393858750670934191e-02
1.857011810857585321e-02
-5.031525905606974713e-02
-1.468693758865194030e-02
-1.348134346688622531e-01
-1.703234571532771524e-01
8.072154263690299592e-02
4.317867385070939083e-03
4.784000350717979022e-02
-6.376041182463017265e-02
8.313780973706193234e-02
-7.968471312424991668e-03
-3.331681639005290921e-03
-2.893710980888000023e-02
-1.769499846436539247e-03
3.807824693499423790e-02
-4.318225109663930555e-02
-3.117344460320332564e-02
5.413785435116715838e-01
1.085937183667844315e-03
2.328146727724228222e-03
5.749206955476853648e-02
6.698345391724457032e-02
-1.196653545571918151e-02
2.310670552737027067e-02
4.200341519844491035e-03
1.455293377611755964e-02
-5.587238339055911746e-02
5.695882262921840578e-02
1.524067724151380865e-01
-1.931325515304536944e-02
4.306931906405210390e-03
1.425483800675507624e-02
-1.674246948129486708e-03
9.432449198327502726e-02
2.846494916543723108e-01
2.172291145332070836e-02
-1.768352858470439645e-02
-1.068660674376781076e-02
-6.248918350820780593e-02
3.992837055528174195e-02
-2.041094917820499358e-02
1.036847131440539992e-02
-1.530126325772001748e-03
4.559912324339143730e-02
3.709587298116568191e-03
-2.255106111807159489e-02
8.787571751978240364e-02
-4.745099591371582798e-02
-3.644589822220635489e-02
-1.222076766176584950e-01
9.432449198327502726e-02
-5.485812392071658106e-02
-5.309079347619081179e-01
1.447697521812706389e-01
1.209468587881117919e-02
-4.722094570136384228e-02
9.451189857934103045e-02
2.329981482683558553e-03
1.375375553151692715e-02
1.088908045834351482e-02
1.750122365223295189e-03
-1.713552823464762828e-02
7.011922644495930876e-03
6.298805729501250061e-01
1.779067986639908117e-02
-5.926753922291506660e-01
2.137568911004519012e-01
2.860417601819865985e-02
-3.437374481614529492e-02
4.914519556477702639e-02
-5.425010328788408900e-03
7.808234402768847449e-02
7.076411307356645676e-03
6.862432256401207464e-02
-7.823526801798071431e-03
-5.697072664927993468e-02
-5.526412224729276498e-03
-3.387982832572996456e-02
-4.449454071740941569e-02
2.579812225955220237e-02
3.017146607529894720e-01
8.481462977857531782e-02
3.722705084657426666e-02
1.245249009626398645e-02
5.520474828849544074e-02
-2.095547034345727339e-03
1.072267100476147206e-02
-8.927014195785870632e-02
-5.272815519623773317e-02
6.312554065608039222e-02
-1.823811810434552705e-01
-8.759918902854976763e-03
6.094037258323023454e-02
-3.980467757023536945e-02
1.002644504589799909e-02
-3.280815813932022040e-01
-8.313288411774401310e-03
4.042729135708574006e-02
-3.776095023393668398e-02
-3.164470031996238081e-02
3.073168082584434163e-02
3.216329216644206457e-02
-6.423994307235262116e-03
2.975116114953154506e-02
-4.346760265047890613e-03
1.778314473284105940e-02
1.314470872321032643e-02
3.355054875695907129e-02
-1.967115139444878397e-02
5.067677922132052953e-02
-4.440342212082201007e-02
-5.294388232295613728e-01
7.214524657247205208e-02
-2.668106168396487954e-01
-8.769937328351667255e-03
4.432593861435615151e-02
5.506405530335128917e-02
-5.697072664927993468e-02
2.399040747219358394e-01
-2.465512488282929279e-03
9.201061933534790405e-02
3.041643821736438325e-01
-4.182033656106811520e-02
3.882083997636253813e-06
-3.196091582634061085e-03
2.293989679610291751e-02
-5.697072664927993468e-02
3.228654697485127539e-02
3.583342556983194760e-02
2.399974234613528115e-02
1.714163584641946111e-02
9.600178321161660644e-03
5.070513968545194150e-02
3.546785526099316410e-02
-8.146693065587180815e-02
1.947916205120598931e-01
-4.073830179805799229e-02
1.562196102242773617e-04
-1.082505413697583754e-02
4.008365926240274602e-02
1.707568825397021151e-02
3.570679901978508590e-03
6.185821009381334279e-02
-5.697072664927993468e-02
2.338967735956102439e-02
1.118806927326736617e-01
-2.641661141726652645e-02
-5.697072664927993468e-02
5.696164058779425859e-03
5.042451343328143570e-02
-1.259467138389179508e-01
-2.333297806604200247e-02
-2.668106168396487954e-01
4.410562993606487918e-04
-1.312437735432037469e-02
-1.209276557289127724e-01
7.544740771053602690e-02
4.062333989360326914e-02
6.937026997545808760e-02
-1.134845286581877971e-01
2.905692018028851326e-02
-1.001926237522030999e-01
-2.626975638209301175e-02
-1.196905466532963147e-02
-5.489537137488322838e-01
-3.515801831998795896e-02
-1.893745888139263672e-02
2.886748621717693739e-02
2.506394745187941631e-03
2.138650470872326126e-02
4.232215815527597819e-02
1.442658374520499817e-02
-9.789920742009453059e-02
-4.571356165107460789e-01
-4.691825384562338386e-02
1.565895217355864691e-02
2.991967118161485001e-02
-9.600050768782231181e-02
1.358003481003886188e-02
-4.649525813149996828e-03
2.641168994468600859e-02
-1.370056458385441878e-01
3.155798613330964564e-01
-2.472957263203772460e-01
-2.238630509168188232e-01
9.432449198327502726e-02
2.554759989973650613e-01
-5.801363392480513720e-02
-1.935409109613862519e-02
-2.668106168396487954e-01
3.816748384873233646e-02
2.331343697806345650e-02
-4.312074536986910955e-02
-1.636561116275360786e-02
-4.927772895757963345e-02
1.793592146845910187e-02
-1.100921040573784107e-02
-1.818193195575633636e-01
-8.324686787405629826e-03
1.841478648849661365e-02
2.554441655046259946e-02
-1.742448155895024234e-02
4.169451306289546216e-02
3.968851752305312813e-02
2.810488760801587577e-02
-1.745664658386863327e-02
-3.221635187872880224e-02
-9.210486803686279353e-03
1.688279555292958589e-01
1.686116235690977502e-02
-1.061799395564201956e-02
-8.306741710053846747e-03
-4.246562417535508505e-02
-1.207233729720483539e-01
6.824508011633871607e-02
-1.194664075966700954e-02
3.471940621381419678e-02
-7.960074665941055394e-02
3.305489494042636225e-03
3.334002120113118642e-03
8.405857403909748615e-03
1.272145280321941357e-03
-2.347730109967446910e-02
-4.007195264220046738e-02
-5.623679367317803435e-02
1.021636456828378670e-02
1.388191386773770380e-02
-1.750927278683999180e-02
7.239550685337894052e-03
-6.424717258659083663e-03
2.789424154379235507e-02
9.452738406243221814e-02
1.331751253628388199e-02
-3.700791760677447917e-02
-2.794112749176655766e-02
3.346229611143338584e-02
-2.080762237987723168e-02
1.880179928887827992e-02
8.660533743597079517e-03
-2.366001124969261196e-02
2.334815672125003794e-01
-2.947556514707390107e-01
1.693209917598845551e-02
-4.135483250684527518e-02
5.567786449691427240e-03
-4.016901557054831928e-02
1.138393825025464934e-01
-7.885289625862433593e-02
-6.052682518034451647e-02
3.345981696614981626e-02
4.556218946044978541e-02
1.710145621432179394e-02
4.014041474031507066e-03
-5.394940827953983303e-02
8.153993815202190804e-05
5.272787121468124755e-03
-7.507762199853677820e-02
-1.155153982070937918e-01
-2.542634986521854351e-02
2.853420403116108811e-02
-3.661396604917330558e-03
5.491686253846322224e-02
1.662563631129680142e-01
1.607148118783209914e-02
-3.072679141622551222e-02
6.942704923790714300e-02
-1.149256234031999085e-01
-3.533791995367550898e-02
-3.586287140777348892e-01
4.824685958703629068e-02
-4.515467218978869712e-01
-5.593016614630950435e-03
6.677345875949765308e-02
-1.728829966749884095e-02
-1.023039734426865396e-02
3.845670002522776909e-01
-6.830619130012292178e-03
-2.314271702666774455e-02
-1.383468135208993366e-01
3.966718630512688221e-03
6.504997657705166797e-04
3.315386533213027787e-01
-6.406304622302892195e-03
4.220632395705289919e-02
-2.631008136017344221e-02
-3.930915602762948685e-02
1.095570549748406917e-02
7.586110691805666995e-02
-7.014234855797961410e-03
6.492498331609498907e-02
3.275860949812170464e-02
3.680648972075989400e-02
3.287170733705711834e-02
1.485907433931548879e-02
-5.675080812938152440e-03
3.872821651713822047e-03
1.138393825025464934e-01
2.110735248884575144e-01
1.525902527826016389e-03
-3.906265900857388423e-02
-5.697072664927993468e-02
-2.043225347536557074e-02
-2.156164518927105103e-02
5.714522336553625771e-03
1.935030925075957239e-02
-5.238603505081956824e-02
-6.618419086308700156e-03
-4.668255639336480606e-02
9.432449198327502726e-02
9.195505130325569432e-03
-5.332993080713938072e-02
-1.776194049282068393e-02
2.228421048745425626e-02
-1.223554836273428731e-01
2.568198291095247221e-02
1.333542730218180150e-01
1.259958964299226838e-02
-2.719248875161751552e-02
4.778506023019286203e-02
3.337333467478278363e-03
-4.348090906983517571e-03
-5.577199772747544193e-01
2.148098273930753796e-02
-4.797583925436692959e-02
2.545558736001450953e-02
5.332533728425938035e-02
-4.376207259914746128e-01
-6.292666619365606950e-02
3.892409240066094928e-03
8.532192342712137390e-02
1.815034545349303655e-02
4.448822517296280310e-03
2.825231378272007737e-02
2.701270462413752141e-02
3.523163717035359549e-02
3.898361507371134183e-02
5.740669623055921073e-02
-3.413709153551153230e-02
7.452702618630072801e-03
1.759466893930839576e-02
2.746075770073891711e-02
-6.048301423369781271e-02
5.373552016681515386e-02
-7.454318939644308251e-02
-2.057579855324730492e-02
-1.279503425907818348e-01
-3.285544830741843336e-02
9.655432086280337075e-04
1.109313950118308301e-02
-1.155153982070937918e-01
2.163833242148138769e-02
-6.212295543887919567e-03
3.366637550717755528e-02
-1.652319680109414976e-02
8.372891757403621085e-03
3.153130278917374435e-02
8.032592609084281132e-02
1.817521849997097427e-02
-1.475782059074711439e-01
1.493130650100243095e-01
1.189533530801717837e-01
2.679600840609317261e-02
1.675755550517076323e-02
-1.726033026115927557e-02
-3.910631770631978199e-02
-1.655455515475285841e-02
-3.804472184699731613e-02
1.197979479029285220e-02
-3.865004342007079263e-02
-4.571356165107460789e-01
5.749496777193754266e-02
7.452840242939722665e-03
-9.600050768782231181e-02
3.690979416944705632e-02
-2.764530867133895009e-02
-1.739368634798133667e-02
-7.324595114111082106e-02
2.695573903387399328e-02
2.217356417876656730e-02
-1.233569805118148871e-01
5.648778761163681696e-03
5.960578210317565677e-03
-1.413433556506350428e-02
2.205019965207551461e-02
2.761242178876473913e-02
2.337780113260057302e-02
-5.502440467660874718e-02
5.984704607250287967e-02
-8.902169247438647404e-03
-6.299706343824942878e-02
-1.760360538838349684e-02
1.950532032422942069e-02
5.083555201247377114e-02
-1.592861022376710484e-02
-6.316199957949705790e-02
2.119732307502754723e-02
-1.614860095515230701e-02
2.577231020460127309e-02
2.739785775385080932e-02
3.131788201129794003e-02
2.687454641272017941e-01
-3.922221991826050913e-01
-2.375087889682373464e-03
-8.699148148484137089e-02
6.922442907103477927e-02
8.842950521571046885e-02
3.845670002522776909e-01
-1.086340076512954528e-02
-5.379461732933156493e-02
-5.454290437283794424e-02
-9.572233954458102267e-02
2.605932489940101723e-02
-9.056031916415897137e-03
-1.735780448231461284e-02
2.511360352426686426e-01
-5.849981597397420074e-01
-9.427120237383027068e-03
-3.558584458181367205e-02
-2.400235770106278615e-02
-8.790109632800374717e-02
4.229371913764454205e-02
5.466429673145047768e-02
-5.019957187305545965e-02
-8.307234494516131662e-02
1.306410935812775120e-01
1.054272447193417735e-02
3.012160902118663636e-02
-4.181058354722030357e-01
1.491306065763589594e-02
2.800754273940777965e-03
-1.987285444820104108e-02
3.733503647183880614e-02
4.351998480676449316e-03
4.913315228818703612e-02
-1.662051700909960824e-03
3.966128511140835228e-02
-2.266608987066590086e-02
-4.002735133992441074e-02
4.229017945938859206e-03
-5.887400393630973401e-03
8.610413346423230474e-02
6.460108737012550117e-02
-4.885669775112029822e-01
3.802305389253306939e-02
6.273449801067847165e-02
-1.139412669494307973e-01
4.762029653048664712e-03
-8.592927271525016217e-03
-9.492585402227098415e-03
6.114665712635548867e-02
-1.683037144066376056e-01
-2.909726300307194369e-02
3.683154842170482945e-02
-4.394204986395788479e-03
2.235771086911346114e-02
-1.059586570938746142e-02
-3.283294927391699342e-02
5.765931758724963246e-02
7.440617401407824405e-02
2.758838831371669686e-02
4.459441450334121482e-02
-6.446362493483867237e-03
-1.529316782710704418e-02
-1.378278291671230366e-02
-2.472957263203772460e-01
1.478357545799579816e-03
7.001496589444212992e-02
5.066828413162503819e-02
-1.048662779841614233e-02
1.338029963128458191e-02
2.432815433985028100e-02
-6.838620580873222554e-02
2.302850384842271281e-02
-6.013624902283075911e-03
-1.050893594667385161e-01
5.748919999233750300e-01
-1.463347721274110280e-01
5.166352027537449848e-02
-5.723753221295574791e-04
-1.899747033857019209e-03
-7.564781809623516255e-03
-4.656485115402339559e-02
-2.019835537550297710e-01
4.062098244902732740e-03
-7.642901564880315822e-03
7.865399610045792009e-03
4.762087989350945877e-02
-2.990335552068763836e-02
-3.753759001908698462e-02
-5.684686042681044160e-01
-5.679939428648710792e-02
3.374328057306360401e-02
-1.632806081387718489e-01
-1.765237738043304305e-02
-3.418997959621228322e-02
1.171004558968744523e-02
-1.853650914854887144e-01
-4.090305161490094543e-03
1.235703236512599411e-02
2.869543618935229204e-02
4.385083073843935170e-02
-2.280413279411837302e-02
2.087871270841485868e-02
-3.538494021544543594e-02
5.673143471715270426e-03
4.461136600287606002e-02
-1.365013703753690730e-02
7.397188065135426420e-03
-1.265315739867662811e-02
-2.472957263203772460e-01
3.601132761084037404e-02
-3.148978330177916451e-02
-9.954129941288220040e-03
1.757446493234597965e-02
-5.732994857125910809e-02
-5.751230964033192394e-02
-2.668106168396481293e-01
5.072745918138245047e-01
-3.573298327338417929e-02
-1.018996622204356994e-01
-2.163653566416531004e-01
-5.765298410815147823e-02
-6.300367244072824745e-03
-1.559448845454464681e-02
1.323151577660590661e-01
-4.139030449048293481e-02
1.138393825025461881e-01
-1.206342204023319251e-02
5.256841794899213410e-02
1.125662142397755193e-03
4.467277812740467341e-03
1.271840883356980915e-02
-7.598251328300646701e-02
2.189534485679855980e-01
1.044619624461656793e-02
-7.648561716855081793e-02
6.178371156170652662e-02
3.238895692530663339e-02
5.254160457531233119e-02
3.748384979387980181e-02
1.320949877628795344e-01
-3.437183983467610726e-02
-3.090656003482095127e-02
5.907377622465489336e-02
-7.648561716855081793e-02
2.737810979153693265e-03
1.909638191130529072e-02
9.432449198327502726e-02
-4.932154405041790091e-02
5.776807905766685736e-03
-3.520166692778955303e-02
-8.268662909971971620e-02
9.432449198327502726e-02
-1.183780812014758764e-03
-1.510843178721917035e-02
-3.871809628479508814e-03
-6.214721693801665559e-02
6.746550441077656113e-02
4.768800232008996859e-02
1.623898315293359484e-02
2.581669461505561522e-02
2.092177563121625297e-02
-3.021773375827339209e-02
-1.030644506470973845e-02
-8.189482841217728126e-02
3.485413182231363732e-02
-3.028829825000467491e-02
-4.013283890031581896e-02
-9.445025020167967245e-03
4.868759048437824172e-02
-1.863395349378455662e-02
2.492433550012838894e-02
7.758729897398356813e-03
-5.499580057424871549e-02
-2.849253085339059979e-02
1.966370126516171074e-02
5.584591905725735245e-02
-1.479709561582259747e-01
-6.036689133302421822e-02
1.368112269096023390e-02
1.667679291015298354e-02
-1.727769705936975653e-01
1.181004374564565210e-02
-2.836055666848736334e-01
1.951611608262664860e-02
1.026819110184781260e-02
3.218237549482971110e-02
-1.628231194624161007e-02
4.639875670486808663e-04
-3.359402870355341492e-02
4.578034743109331284e-02
-1.761622539488398240e-02
1.000827555767697108e-02
-3.236187883548087563e-02
3.048130157872279943e-03
2.016790267865892564e-02
-4.894099782674837806e-02
9.231000632017561172e-03
-5.504760937093940987e-01
4.136631178550666949e-02
-2.348154883811667468e-02
-4.530579705499252624e-02
-5.697072664927958080e-02
-3.228827867874164981e-03
-1.006534058708526552e-01
1.439707499911279352e-02
1.777606922343193813e-02
-2.668106168396487954e-01
1.440167297210316610e-02
-2.804874386194710842e-02
-3.786932504185452214e-02
4.749744913254693168e-01
4.831764956572941194e-03
2.984492836820542769e-02
3.101778120821343035e-02
-2.017957675388787342e-02
3.560224232176261577e-02
-1.323760329009703723e-02
1.607408295768307238e-01
2.550598326631034474e-01
3.503363056606141612e-02
-2.587112054798295091e-01
5.282086982705476441e-02
-9.561057669150074823e-02
2.282031756709085313e-02
2.012484562045144948e-02
-2.557621497927125252e-03
1.076614319017706566e-02
-9.424950029264976548e-02
5.195705162843936714e-02
-1.761970553538680720e-02
1.529566925218088340e-02
6.914052425862245166e-03
5.092515719269443547e-02
3.539706812540301811e-02
-1.152944243387504265e-02
4.022673764375955113e-02
1.733089751371845802e-02
-1.024969173910292471e-02
3.266953528583146221e-02
9.702510820895848820e-02
-6.208218323879610701e-02
-2.472957263203772460e-01
-9.648737772791831507e-03
3.393909711976226401e-02
7.434188909601035762e-04
-5.873401127313581868e-03
1.852577736073736381e-02
-1.807621008416164243e-01
-1.379051663351263668e-01
-5.180233440701087488e-01
-1.548834976067294533e-01
-6.347657308426871148e-02
1.721995972381180906e-02
2.680613953431382548e-02
1.339005229742798453e-02
1.599452233167998963e-02
1.889623272462942136e-02
-4.534546189704996566e-02
7.639434321311808218e-02
-4.952380766498338041e-03
-8.790109632800370554e-02
-5.518537862523875681e-04
1.066357080904536785e-02
2.736702667320100105e-02
5.969643359798687543e-03
-2.610104602645624966e-02
-2.124406861739766561e-02
-4.609514188637863635e-02
-4.907010447270879899e-02
-1.053885303420026426e-01
-3.730709938252427596e-03
6.486094989296821434e-02
8.275225428465569910e-02
-8.357564681361217065e-03
2.087487207713331974e-02
-8.227265695089244074e-03
3.362066410555859808e-02
-7.892991109906079272e-02
3.931410889091863092e-02
-2.923056993340824097e-02
8.694122239037609112e-02
-1.369838862082594332e-02
-2.997210465798332696e-02
-2.706039101117466150e-02
9.432449198327502726e-02
1.703236069622531337e-02
7.328595618239007459e-02
-2.726663133197385416e-02
3.776159833543066280e-02
-8.538790507246470096e-02
-8.790109632800374717e-02
-3.178332064080806318e-02
4.918134807992778634e-02
2.704571109049391450e-02
9.686469823553795974e-03
-8.546828129326781293e-03
-2.082659452818342583e-01
-4.056620251520733078e-02
-8.991509923152667767e-04
-2.277808358011057799e-01
2.946920581468399913e-02
1.821166566999255984e-02
-7.398359149561172660e-03
-1.911157597305382719e-02
6.245693986745692872e-02
5.058619941686101629e-02
4.260337159154797132e-02
-2.137095138942980352e-02
-2.150627890773501583e-02
4.845834301739011113e-02
-4.490873414066856584e-03
1.111560162905521620e-01
2.467014874905544899e-02
-4.101193466107300178e-02
5.969771023115623583e-03
-3.305283336892306939e-02
-9.301453072728485885e-03
1.566996778980929150e-01
6.368720165822045788e-03
7.120433184784474845e-03
-2.269046198310466830e-03
1.136215666284647596e-01
-3.263851771619865564e-03
-9.204282234906230320e-02
6.320196625789553657e-02
5.801442585135960228e-02
-1.275068716568787241e-03
-2.369943251992269462e-02
3.260851647635975605e-03
-4.914079324952071171e-02
4.105756993658394834e-04
1.360213479789873503e-02
4.528175144239420663e-02
3.546547524366668730e-02
2.543227239814387433e-02
-3.899819031375695300e-02
5.682508729846253576e-02
7.558489155987495323e-02
-8.995126435062958739e-03
-3.252355343961191997e-02
-2.668106168396487954e-01
1.220086008084524110e-02
1.901721151357232270e-02
6.702833223092462267e-02
4.846011274132507388e-03
-4.764719917663624849e-02
1.906803379970321149e-02
5.502149868914447961e-02
-7.488719064754344699e-03
-5.338946116480475235e-03
9.432449198327502726e-02
8.032713809952936670e-03
7.283424435182464518e-02
3.484737058880717914e-02
-5.697072664927993468e-02
-9.965081778683124256e-04
-3.099462026203463755e-02
1.602443686147682692e-02
3.104026046057576163e-02
-1.424351952984288512e-04
-7.153008238603315860e-02
-4.205690818673816361e-02
-1.500231499501454221e-02
-4.013540715938318515e-02
-1.417322907281044590e-02
-2.682341800080531580e-02
-6.052682518034451647e-02
-3.237530454677112202e-02
2.399418031569604606e-02
-7.837010594612952782e-03
-1.407113827809671446e-02
-7.655341053894260117e-02
6.304423986226483090e-02
1.858187216302860725e-02
-1.453439379174570334e-02
-4.768786964914148441e-02
-9.600050768782231181e-02
-7.750034767958786236e-03
-6.821487344594011348e-02
-4.968650043166536771e-04
-1.013365264852247871e-02
8.313780973706193234e-02
9.574410320024824561e-02
-1.828757318515756430e-02
1.282195275972965350e-02
1.227007950511956741e-01
-1.452145479861056097e-02
-3.633668180546054116e-02
-1.830081461279836966e-02
-3.316720669129998370e-03
4.927995079596615875e-03
3.059754970619015663e-02
1.416108617662059990e-02
4.359447102869263846e-01
-2.963790738626040974e-03
-2.114760859720243164e-02
1.978134943658198946e-02
2.766318645839570614e-02
9.432449198327502726e-02
4.301909816783161533e-02
-2.343662358761942899e-02
7.308731489919664814e-02
6.093303044210558045e-02
1.451196877040043104e-02
1.697196835331101156e-03
5.436226110807867995e-02
1.218724754300357267e-02
2.091124231252565523e-04
-7.067480721674689048e-02
9.851110854547504014e-02
-2.812775332692627264e-02
1.412069206318080361e-01
1.867878250534576318e-02
6.254413869335094522e-02
8.585934400977647540e-02
-3.566649432482930232e-02
1.389761744047643410e-02
1.805543593014390449e-02
-7.238358831714186703e-02
-9.119448088432858743e-03
4.359112255263076358e-02
-4.130640878322182873e-03
3.675685039252574171e-02
2.280212632931134450e-02
5.594824058548111823e-02
-3.959016552160748992e-02
4.411122045276853060e-02
8.132588442634662920e-03
3.727737460141868769e-02
1.333542730218180150e-01
1.077790897340522198e-02
3.426364893415718982e-02
-4.332671782079666745e-02
-3.715198596275955806e-02
-2.256124789058205904e-02
1.139088432543461371e-02
-5.368795642902449844e-02
-2.810814485068074617e-02
-1.109978477954882276e-02
3.461721940790812618e-04
-2.242846847211681094e-02
1.404313711664506061e-02
5.016546162597920050e-02
1.862090483348803269e-02
-5.306173913142073206e-02
1.138393825025464934e-01
1.595982082548721426e-01
-4.793768000257565554e-01
-1.669388672824874322e-03
-4.377146248810580287e-02
-1.579495537166535415e-02
3.874133973936691455e-02
-2.006454505803575636e-02
5.740669623055890541e-02
-5.323931635781640722e-04
1.289731513169347678e-02
-6.489663909477533764e-03
7.513607356802613768e-02
-5.064613713975186365e-02
-1.974781767917833594e-02
4.922918763404444259e-02
1.796891425662016381e-03
3.060452216305918974e-02
-2.496609680804456888e-02
9.480518323872812181e-02
5.489868030698763501e-02
8.113582483080099619e-03
-1.310616794766911730e-01
2.185432653771168451e-02
-2.675863914609720798e-02
2.441032578021965979e-02
-1.000715923954492541e-02
2.008916912388322012e-02
7.587470636959862957e-02
-1.685050414599632406e-03
-4.546462113390692394e-02
1.541707815046558863e-02
6.653684849105063158e-03
2.731591595029130709e-02
-9.459854216714004560e-02
4.966935449343948261e-02
1.307563272183059622e-01
7.367467343655337286e-02
-2.340404996302566584e-02
-4.451509450886600300e-02
4.590837043990005084e-02
-3.781436045970064663e-01
5.302327925259300509e-03
-5.683209804284454492e-02
6.032346554208092154e-02
-3.112454467756352924e-03
-3.100785970066068792e-02
-4.848826495390832179e-03
-7.134358310200352750e-03
1.362423165696494652e-02
2.400265491278590069e-02
7.283424435182468681e-02
-7.335643174091426369e-03
-9.600050768782231181e-02
1.229424346942540117e-02
-6.969328645817528534e-01
-2.668106168396481293e-01
-5.036790440863956643e-03
2.019856798552085563e-03
-2.668106168396487954e-01
-1.494045103131437470e-03
-6.605139492659459557e-03
-2.561819011982773009e-02
1.199524250171963972e-04
3.041643821736438325e-01
3.181668921589024535e-02
-2.971366701718922143e-02
1.013151154673999493e-01
3.970380410139941890e-03
4.878684601977877587e-03
-7.439731016259561180e-02
-3.226582371717080094e-02
-2.482070656463573888e-02
6.765218956885411111e-03
8.218619454833053090e-03
1.272364899769616586e-02
-3.849495138576675135e-02
-1.834786411712132637e-01
-5.207327320161486695e-02
-5.316073516815602445e-02
2.846494916543723108e-01
1.433702977459184180e-01
1.044599212004940214e-02
-5.865003709398635898e-03
-1.116871278965445762e-03
5.296280667272671577e-02
-2.049272163790370055e-02
-9.473411378976530003e-03
1.793947112412135059e-02
-2.032126485074182629e-02
-1.013365264852244055e-02
-1.155153982070937918e-01
-5.389512855522946011e-02
-5.173528685948931144e-02
1.588783360635203160e-02
2.212301412869151218e-02
-2.653052608395625733e-02
1.440312374443404875e-01
2.658025756094465480e-02
1.597248513783055407e-02
-2.376600329300413220e-02
1.744030522326653065e-01
4.261336235219521928e-02
3.201231741618501547e-01
1.142724886811265911e-02
5.395198731742266961e-03
-3.210680445715396458e-01
5.295444528349569496e-02
8.224353854953297960e-02
4.347814497149780216e-02
5.364202065135175584e-02
1.323113657462921811e-01
-6.101555981173453075e-03
-1.386335189741856044e-01
-8.488485818697347196e-02
-8.428236510296888487e-03
-7.648561716855081793e-02
4.303427860139761446e-02
-6.144149213116416449e-04
-1.117797350738284311e-02
1.138393825025462297e-01
3.427193362430117768e-02
2.996096858734653701e-02
-3.210680445715396458e-01
-9.680764600501694239e-02
-2.701492568937953129e-02
1.949792639352938492e-02
-3.356795896864352841e-02
1.084086526222224900e-01
5.588956514365585326e-02
-2.165712724399898939e-02
-1.840772852266683857e-02
1.333542730218180150e-01
-1.158303657568039574e-01
9.145289077388259191e-02
2.389367804725378228e-03
9.432449198327502726e-02
1.065286992769220141e-02
-4.016901557054764621e-02
8.318655567733587025e-03
-5.670129303650921562e-03
2.489707336220217324e-02
-2.903636642536063656e-02
4.074635564279183858e-02
3.700790164057399852e-03
6.941277833935042586e-03
2.437816505190396749e-02
3.188595894408913483e-03
8.318718096706367859e-02
1.765550710193637338e-02
-3.193473598246933387e-02
1.408622371995302963e-02
1.215686712211040167e-02
4.493780477953265851e-02
1.536404742365006341e-02
-2.641836753703987947e-02
6.384817245451625267e-03
-1.189383109237313399e-02
3.667344482010110457e-02
-1.766809635142279830e-02
5.358898302905959823e-03
-4.978283812067042791e-02
1.326495980551492537e-02
2.932815823164708693e-02
-2.151204245118773853e-02
1.347648791867131490e-01
-3.818592100157119917e-02
1.855349727348860334e-01
1.883842504883140659e-02
7.454445153270233826e-02
-1.170745889850103721e-01
3.973646765436482375e-02
8.241917658230579757e-02
4.154973699310018365e-01
3.783538243130387529e-02
5.917381878872375253e-03
2.296609186276224457e-01
-9.952634713092715218e-03
5.437639385180940282e-02
-7.735196354753076653e-02
-3.735142984866480359e-02
2.903393021965132090e-02
-2.368295880398425465e-02
-1.003404714425190636e-01
1.295974468058102951e-02
1.720605956941339068e-02
6.501967870607000544e-02
3.581741239447979591e-02
-1.209691950197241787e-02
-1.072610424727907588e-02
8.207525457246213352e-03
3.317474913969045247e-04
6.034954852607027874e-03
2.601046702748864570e-02
1.138393825025464934e-01
3.304448101397707699e-02
3.783161531527529098e-02
-3.208540384509741411e-02
2.247834431663898666e-02
4.491775811362208604e-02
-1.559788960918844468e-02
-5.008463667757964699e-03
-1.565781478740597976e-01
5.677622553194837385e-02
1.177652470037120203e-01
-4.826615638062794686e-03
1.619400289799614867e-02
-2.237239208269036286e-02
-4.460946911013221813e-03
9.284251327383131330e-03
3.137766803076453420e-02
-4.117831759776080514e-02
1.211793506831224413e-03
1.561662200202604822e-01
-2.884420385498788139e-02
1.491466820733365339e-01
-7.232906797639189478e-02
3.732592734119904478e-03
2.993861908952874518e-02
4.361617776428771548e-02
9.432449198327502726e-02
2.700890296057011780e-02
1.716437184779582084e-02
-4.621162201392600352e-03
2.719133903447663522e-02
-2.543907270893937950e-02
3.970014463025409168e-02
7.229309406104060531e-02
9.654383301090511960e-02
-2.464087679302374295e-02
-1.591073746754410184e-02
-1.037363414247018667e-01
-8.115971511343451905e-02
-4.490708214091704287e-02
-5.192959400848641549e-02
-2.375212092251707124e-02
-8.948629285741568906e-03
-1.694189949387567631e-02
3.334427725836143844e-03
-4.925315749539515078e-03
2.696417850990069295e-02
-9.313098404506336969e-02
9.639189912834559074e-03
-1.300448605343072772e-02
2.640485269876415714e-02
-2.474771963412484774e-02
-5.636560092774794452e-03
-1.499891322250117807e-03
-4.321472860894742113e-02
1.566644478109421521e-02
2.258752674811334918e-02
3.650521097330062248e-01
3.954379153721569035e-02
6.561509496542179687e-02
-2.363776869434075500e-02
-1.019648184186652123e-02
-4.363183103818178005e-02
-4.913060650133505708e-02
5.154148785289077717e-01
-4.832690686026319682e-02
-1.191610274842870160e-01
1.260693180567302313e-02
-7.403576126322911066e-02
-2.397947204502088800e-02
9.491694358203166260e-02
-3.377509575895874805e-02
4.867826937126862319e-02
2.737146406004653879e-02
3.192913889841881951e-03
2.469284709384710996e-04
8.098429009622015078e-04
2.880228612575671046e-03
1.335594392406248485e-02
-1.598978906183036106e-02
7.666062380252611219e-02
5.226017159199908280e-02
-2.133602334302421924e-02
-1.548188988176181155e-02
-2.673816746951857698e-02
-1.065670519506896341e-02
1.817599178124590029e-02
1.067070092060646569e-01
-4.405803529500329496e-02
-3.716503551004620744e-03
-1.514997532721604201e-02
-1.950570662954042092e-02
-4.484904458593709509e-02
2.506394745187941631e-03
-8.398797694079164489e-02
-1.707745691211943334e-02
4.379770766982562374e-02
-1.671587996456036810e-03
5.216576916882460779e-02
-2.312269308198491510e-02
2.886705514685575236e-02
-5.223269006447858048e-02
4.300355476275699584e-02
-7.741466375161681901e-04
-1.402693751300918869e-02
-5.927205460847350532e-02
-2.027796629893920816e-02
-2.695201413377342273e-02
-3.039933204571476297e-02
-3.507382604687989645e-03
-2.356872719358850746e-02
-5.646680800473004996e-02
-3.913885670653238780e-02
8.847145281058395316e-02
-6.582863205374018811e-01
-3.314892872624991549e-02
4.796064292528961354e-02
-9.599905964174168397e-04
-2.359565987746881088e-02
1.097119030453147931e-01
-1.473782177224712830e-01
1.465088546479572859e-02
3.441675830750424991e-02
-6.675971680656857254e-02
-1.831119159214038977e-02
-5.208610144439572431e-02
-5.031525905606974713e-02
3.108066516684250546e-03
7.278012715617564058e-04
3.421035098583649625e-02
-6.148862240911414506e-02
-7.648561716855108161e-02
2.410222596801085693e-02
-6.913054397051521249e-02
-2.159964144282217752e-02
-8.532120455956514193e-02
-1.458794213059404037e-02
7.882015126749530864e-02
-1.087173299401636255e-02
3.057168545576204738e-03
-7.248542099717551757e-02
5.401283152324217601e-02
-4.086394296522324193e-02
-7.686480488960298341e-02
7.160138341838608034e-02
-1.160344578430574708e-03
-6.656674903720640434e-03
5.225112040159448495e-02
-2.667296753836337006e-02
-5.296584311293816259e-03
3.317363673138132296e-02
-6.376041182463020041e-02
-1.735969867931199371e-04
1.768047262595801028e-02
-9.600050768782231181e-02
-9.986083527337216714e-02
1.976305660156336529e-03
-7.673278930539083678e-03
-3.537583414945097426e-02
2.491611286006123471e-02
1.272845352711066691e-01
-1.745716582620256141e-02
5.817630514332596675e-02
5.529962095721327464e-02
-1.093768491620304532e-02
-6.595545135468906806e-02
-2.120253928869560434e-01
8.292630800955932274e-03
8.587474065328523296e-03
-4.178806528543967461e-03
-4.648230799448969941e-02
1.790824484373161329e-01
2.797992931965583366e-02
-2.627682817332972418e-02
-1.518368834855551852e-02
1.890719468111628776e-01
-7.648561716855081793e-02
1.261314089454156030e-03
-1.106736251107951277e-02
8.500222630031110949e-02
3.108599010087647382e-03
5.465456628732071748e-02
-1.768169083893210728e-03
-5.606550683916600164e-02
-5.776483484965273460e-03
2.439772845317661476e-02
4.387923178527906171e-02
-8.650413899206857438e-03
3.202961731604341000e-02
-4.130076340242688077e-02
3.318096498616384532e-02
3.191248392230255915e-02
-2.423024949514577045e-02
-2.472957263203772460e-01
2.185577523591148916e-02
3.258659453981099102e-02
-1.177373301086360839e-02
6.153417568779066815e-02
1.733820205525562000e-02
-1.770851663331767661e-02
6.821108789987431753e-02
4.568028756740345059e-02
4.235967812908207342e-01
-1.885754447573858303e-03
6.809201021786534351e-03
-3.072919748157265218e-03
1.979392423832597100e-02
1.081056934008547687e-01
-2.295168702076081507e-02
-3.117549722712299395e-02
2.709150588016581707e-02
3.130707206565985085e-02
2.138996122988529730e-02
-3.745583613000779549e-02
-4.443808514930445985e-02
-2.441619882304329765e-03
3.680816357675702893e-02
-4.638121409227025788e-02
-1.250425407752353904e-02
-2.998268527872244987e-02
3.915359277357042395e-02
-1.014705066214033509e-02
9.266541500595268030e-03
-2.730538210338042879e-02
2.592440743271568968e-02
8.053705575039726968e-04
1.037735053538920045e-02
2.901971481432012723e-02
-1.357376057844057911e-02
1.096448802888703652e-02
-1.225446838453002618e-01
1.205353157764525208e-02
-6.856962037126949905e-02
1.198241317816751417e-01
7.402383320201968986e-02
1.145208530519011177e-02
3.489567454958823756e-02
-1.751276316063190338e-03
2.756654488781218066e-03
1.641656370178216223e-02
6.996373167570578422e-02
-1.455055056233988016e-02
-6.374798926185878956e-02
-9.600050768782231181e-02
2.938443843406093881e-02
2.009551328889079211e-02
3.456780705540259905e-03
-7.648561716855081793e-02
1.774511815469220766e-02
1.859564953574958587e-02
8.531296994246434506e-02
-6.007700885613606601e-02
3.132332825318966205e-03
5.190448807140456838e-02
4.610119716011617380e-03
2.202128526445974385e-02
4.084017112790486181e-02
-3.207107609285266697e-02
-1.042833859179761041e-01
5.026672882951898486e-04
2.241205634371951257e-03
8.440878286746254788e-02
-1.123332264896073109e-02
-2.741827878592248500e-03
5.102448247588901031e-01
1.762088734018012887e-02
-8.112168516546169883e-03
3.463868438452006194e-03
-8.290817652766631352e-03
3.041453212738955744e-03
2.057045393409333636e-02
-1.070515229010119834e-01
-1.089383668078369727e-01
-1.782809295816971049e-02
-1.574402415099092692e-02
-1.969262372111316856e-02
2.164428174996436537e-03
2.332717816197233951e-01
1.555954565368291576e-01
-2.231512889660990095e-02
-8.723608312370961793e-02
-1.314741901953007386e-01
-1.216376977159999880e-02
-4.746738896808178065e-02
-2.668106168396487954e-01
-6.327044721474239276e-03
-2.251523412454690676e-01
2.476201192433657300e-02
1.866637191508401655e-02
1.405152484726283554e-02
2.505637312587905355e-02
-1.466032758070556601e-02
9.780199784671926230e-03
1.308856437391180301e-02
2.528082860513527260e-03
-6.882958561422085342e-02
4.330401071182594756e-03
1.608127374128762166e-02
-1.750781940912775293e-03
-7.648561716855081793e-02
-1.280582528566399925e-02
-1.375440872467870342e-02
-1.893617853352866712e-02
8.157218244042575839e-02
3.940403499332999215e-02
-3.276748470762261972e-02
-6.154619226193203119e-02
-1.386603920882757170e-02
5.445559967730415063e-02
-7.760067578331915350e-02
6.402448643679061260e-03
-5.325056223193219002e-02
7.543028380563053525e-03
6.333314962400535264e-02
9.297896201456365417e-03
1.069408142801247380e-03
2.303783748575116697e-02
-1.946441433112447092e-02
-1.157960544614621869e-02
2.886141136534008111e-02
8.322692254575735082e-02
2.290751482810581691e-02
-6.324199998323198901e-02
4.574030535386391927e-02
-5.718964249060329297e-02
8.504124871129855809e-03
1.937888681095493171e-01
-1.931131225677315544e-02
-5.736780881011325876e-03
1.810998385858480879e-03
5.749496777193754266e-02
-1.426693416522788020e-02
-1.824035222721768351e-02
-4.923826631713387747e-02
-4.571356165107460789e-01
-1.518407423610533269e-01
-3.206680934109525788e-02
-3.072726252505594575e-03
-1.585969290633527581e-02
5.199520587195323451e-02
7.539692294293698534e-03
-5.816041751824218425e-03
-6.816559644697651847e-03
6.121711691694729091e-02
-5.601526244818455340e-04
2.470537486738750513e-03
-2.814083570771026138e-02
8.066968369844067233e-02
5.132661735604059083e-02
-7.716414494338531913e-04
9.365393019983245596e-03
1.780912037325227057e-02
-3.096973508712835138e-02
2.394886133346708912e-02
3.199567912251623514e-01
5.676052231651257385e-02
3.722359417597370657e-02
5.102341666610868409e-02
-4.122883860705491010e-02
-3.483414657823473426e-02
-1.841586507864057670e-02
-1.790249667631291230e-03
4.000588701729518304e-02
-3.982044277252599906e-02
-9.297448387697056574e-03
-2.874369855018373346e-02
5.517917894334132406e-02
4.110923597766761445e-02
-1.920339789724184038e-02
-4.091066802068294567e-02
-8.921082251247203221e-02
3.395351660062838339e-02
-5.697072664927993468e-02
4.280493558531847653e-02
-5.120524392492740301e-02
-4.051283284055629853e-03
-1.924677856691555181e-02
-1.893554892548117083e-02
2.110869996766185641e-01
-4.988916905450281325e-01
-2.182478244347866442e-02
-1.816711183774976160e-02
-3.524105335742194756e-02
-2.358802471609240670e-01
1.723716153954582553e-02
-6.838620580873222554e-02
-2.856683178980305889e-03
2.018499821641776826e-02
7.044430369480795965e-04
-9.935333534981423062e-03
-9.776749250969407959e-03
-3.755566967443218357e-02
-2.452337231044634386e-02
5.556771228731358092e-02
1.092388518542681576e-02
1.516411133010849704e-02
3.160119157900942444e-02
-2.472957263203772460e-01
-1.880424758297908304e-03
9.258238946500544839e-03
7.545569612295912124e-03
1.140107148653383973e-01
2.255513816781175643e-02
1.956236984150773808e-02
3.269028945172395423e-02
2.372076966482370222e-02
1.737248311471050258e-02
9.008893056647308828e-02
-1.888268787638935561e-02
2.134606947682128261e-02
9.528355327367376768e-03
1.966269115808942647e-02
-1.407051556824557258e-03
-2.986787703647653027e-03
3.122806535542059850e-02
-1.298121163437306828e-03
-5.526389887777476140e-02
4.024387249435549402e-02
-1.369838631629025950e-02
3.537931106344312931e-02
1.142592944150778653e-02
1.022868541631108547e-01
9.070794126385005318e-02
-4.775217635262597737e-03
-1.336797495894863352e-02
1.179944575245692011e-02
-6.005079742391256081e-02
2.917648260407884955e-02
-3.680595987789969659e-02
-2.201553744137930632e-02
4.907241700829712006e-02
5.043711928060431310e-02
3.125817720611027972e-02
-3.703773865514176089e-02
-1.995502811021044719e-03
4.459361999557923811e-02
-6.344679227373656305e-02
1.138393825025464934e-01
6.170820060421949166e-03
-2.644473751729838409e-02
1.201303901312290867e-02
7.176295048910884267e-02
-1.952468506030439338e-02
3.879195841344178913e-02
-1.186003352072463948e-02
4.156506401081817847e-02
-8.145744707145281469e-03
-3.593752070735533460e-02
-5.068833512247511441e-02
2.902184651843727967e-02
6.089988408161993438e-02
8.411626991466009118e-02
3.966158741037289701e-03
-1.031089524326493229e-01
-5.308855362866875781e-03
1.235511925220450329e-02
-5.875878228886859296e-03
4.400984742278011425e-02
1.030044194926676981e-01
2.807388640333589869e-02
-3.126571116153260138e-02
-3.980037867608796076e-02
5.558293548232989822e-02
-5.007387633886226097e-02
4.476563030172655416e-02
-3.303515603196305328e-02
1.687411508384418224e-01
-2.149704414180148362e-02
1.941376785375103359e-02
-3.300813966091308699e-02
-3.166278011356308403e-02
6.823374192515652137e-02
-6.909900428048282306e-02
-8.676386579398148724e-02
-3.789748339402746607e-02
2.580083987891356768e-03
-6.634527172562126873e-02
-8.251011019192992400e-04
-2.581262241227195997e-02
1.828902641756654790e-01
-1.909123361385990300e-02
5.251095193255775340e-02
2.881073869572238488e-02
4.554596008061978507e-01
3.325445137327318751e-02
2.137568911004519012e-01
2.005893895683675057e-02
2.251723702599048860e-01
1.787228938955958552e-02
4.039477149796398547e-02
5.455261347651806092e-03
1.250570047663444595e-01
-1.818097634216740352e-02
2.283050769237633948e-01
-5.073020409422936659e-03
-2.293473732266842688e-02
1.589928115970111813e-02
4.290337929253745103e-02
2.589030434361037566e-02
3.393823856461284511e-02
9.422583005119484698e-03
1.467836468987767382e-03
1.919516332215739224e-02
-3.105215265101255243e-02
2.724134404155904507e-02
-2.604035697055580648e-02
-2.339103601523968151e-02
6.409946928515307396e-02
-3.781073239900505090e-02
-1.052222350631923722e-02
6.548661376199926137e-03
1.721465594603500265e-02
-9.845947199711768683e-03
1.903073166976307004e-02
1.488772995915530958e-02
1.099859337200915534e-02
-1.136070459295057157e-02
-6.700627514418383557e-02
-1.333692238988662231e-02
-7.043074696335111613e-04
3.604702234496830193e-02
-6.363416187751257114e-02
4.764075134541278372e-02
-1.124981648033188640e-02
1.010340839417151002e-03
2.793960571487303368e-01
5.689928453907621142e-01
2.122423652474766248e-02
5.156587715528516275e-02
-7.794040433678065156e-03
4.500044176793366324e-03
-8.548638720577103958e-03
-2.410587521364138466e-02
4.146668332918468022e-03
9.142575804746188098e-03
-1.449993433031237892e-02
-1.883109825445607177e-02
3.891868889634160500e-02
2.107074915087703282e-02
1.207653498939175937e-02
2.702984856201584227e-02
-8.669513630790111336e-02
1.535551942526411882e-02
-1.169515683544752015e-02
9.432449198327502726e-02
-3.205441067837334901e-02
-2.056895487084272819e-02
3.380091805784845443e-02
-2.036125302621611538e-02
-5.063702296715697632e-02
-2.138527034613523989e-02
-3.221052673758625917e-02
-6.290494075947987256e-03
1.049879444864977585e-02
-5.727258249685197866e-02
-5.697072664927993468e-02
1.788243762829326913e-02
-5.034277715622433903e-03
4.573525455518621941e-02
-1.464614618631153720e-01
-8.458248487881114830e-02
6.535425676891160399e-03
-5.873075753780970104e-02
-4.257472159988907184e-02
4.497153826292979439e-02
9.200005318524182019e-02
2.545453238260803608e-01
-4.649736041361585137e-02
-9.860113966994890622e-03
-6.398371849494047074e-03
-1.268673615441998359e-01
-5.405273404494024582e-03
-1.013106290888847461e-02
-2.073334954451808709e-01
2.846494916543723108e-01
-8.233150327294981585e-02
7.313189030278163805e-02
3.490186223667955667e-02
1.404009181958705728e-02
-5.413459336044665338e-02
-2.148475873444771408e-02
-2.839651985944974602e-02
2.774673262656377620e-02
3.889603269461328061e-02
4.717303666058173840e-03
-5.697072664927931712e-02
-6.796855218197647534e-03
-2.668106168396487954e-01
-7.891118718004534738e-02
-4.372864383354003320e-02
-5.697072664927993468e-02
6.184631692404914116e-02
8.159332599297762501e-02
4.234625757751352138e-02
1.637025586994867929e-02
4.482597514103838637e-02
-3.848546648804496151e-02
4.818626862176082770e-02
7.235066544801450547e-03
5.563332984284516565e-03
1.669544095676401829e-01
-1.903449921047948440e-02
8.422568512825615375e-03
3.143373991135243323e-02
-4.631140523040919860e-02
3.097621090359168813e-02
-1.027011477803796563e-01
3.845670002522776909e-01
1.395635593136872361e-02
-3.720007036142154808e-03
6.303575209875243723e-02
-2.118220438128988192e-01
8.003741161442992635e-02
1.319235932010556778e-01
2.322981805155981128e-02
1.532715603234209144e-03
7.643909480777766330e-02
1.611180802209333587e-02
1.818259999066612967e-02
1.171266415739406763e-01
2.832260317952866799e-02
6.663099257361366178e-03
2.854817173408066497e-02
-1.004414400643544453e-01
2.786675641961053329e-02
5.995300098720446162e-03
5.285336739206086820e-03
1.697613797602349128e-03
-3.844273780093188098e-02
-4.991422256498594112e-02
-5.242097730180582393e-02
-5.066831775627739926e-02
-4.564168530918753797e-02
-2.691801226645898840e-02
7.034080695973825292e-02
9.954039770141549087e-03
7.156631751074084280e-02
-9.581512758928555085e-02
-1.224891319482226959e-02
1.271630000915999759e-01
-5.498237445347279456e-02
1.138393825025464934e-01
-1.547436829374400531e-02
-2.025965607712455763e-02
3.466024413115915276e-02
1.573935955581197074e-02
-2.877345192481101706e-03
-7.264046466992143958e-02
-1.256578532178850502e-02
1.709298915104036365e-02
3.741623893418814101e-02
-7.779821153633520447e-02
6.155653711986065237e-03
1.231427068975432526e-01
-9.754200470340625151e-02
-8.170178645795912742e-02
-2.853827020405072870e-02
-2.279795870205312582e-03
-1.204837955248775662e-02
1.078273072206255984e-02
3.351540779009283370e-03
2.164339119322802180e-02
-6.380713002438130957e-03
3.322995763211615897e-03
6.835536819352114324e-02
5.710876714588487835e-02
2.058018070761696156e-02
6.105512723654830075e-03
1.369491819079025549e-03
2.368116697401120505e-02
5.083555201247377114e-02
-1.842698645717456840e-02
-2.947556514707390107e-01
-2.149704414180148362e-02
-5.157394314927398610e-02
7.579318304016334495e-02
-6.936738722443814426e-03
4.040818907715491570e-01
-1.742790280525948615e-02
1.201217740293507030e-01
4.321180570039194480e-02
6.451788457305264457e-02
3.935904214470899165e-02
-6.148109511114144624e-03
2.858002710806474903e-02
7.407451149762818432e-02
-2.163653566416531004e-01
-1.602229215540244660e-03
-4.263545423129462553e-02
-5.717489333052009487e-02
1.708602202027414627e-02
1.766789049438205125e-02
7.039119885394851117e-02
1.410791183527830908e-02
1.536788087685614194e-02
-9.504531307762595013e-03
-6.623852291772679146e-02
4.027622642724651945e-03
-4.063647666319327063e-03
9.148712694065733175e-02
-2.668106168396481293e-01
1.252548616619991173e-01
-4.188625726330142546e-02
3.188990686538436398e-02
1.053620589480790404e-01
-2.472957263203772460e-01
-1.466032758070556601e-02
-3.370037930166140672e-02
6.132263080948683297e-03
1.152499886674416552e-01
-4.801905413391375360e-02
-3.586287140777348892e-01
4.691505710830305709e-02
9.125836874546894295e-02
1.501563943526600629e-02
-1.280689868601629644e-02
-2.025300788634146545e-03
4.961196002228931978e-02
2.878578027810308956e-02
-2.004077130204742069e-02
-2.371489359468362257e-02
-7.352199203437551761e-03
-1.450044606492171314e-03
1.927392159613004752e-02
-2.382652075172088726e-02
-9.912526262188863999e-04
-3.942218554050280419e-03
3.041643821736438325e-01
3.350381429230158553e-02
2.315309870774860408e-03
-5.803125581244566317e-02
-4.517087299584528898e-02
-1.227972976287533026e-02
-1.493850057820645949e-01
4.886134656264668613e-02
1.311725688326277617e-02
6.142924619064520086e-02
-9.600050768782231181e-02
-3.268094236580812439e-02
1.855846270837546719e-02
-4.443702827626756086e-02
6.874406399470202322e-02
-2.884992440072623593e-02
-3.805929850409195403e-02
4.708371783101523989e-02
3.517588293031452540e-02
4.646981055118943812e-03
5.946622731821974567e-02
-7.343960913988652195e-02
8.542625415557027896e-03
2.744375363263853312e-02
2.517757224220028983e-02
6.713367393340809175e-02
-1.637413902574207936e-01
-4.390467438187984489e-02
9.280211202271294868e-02
3.768992348775417750e-02
1.570850800410283216e-02
-1.350552323714272057e-03
-1.215809356763952881e-01
-1.029284750578307074e-02
1.252548616619991173e-01
-6.905392174759014678e-02
1.630259827399534525e-02
3.271577725102121914e-02
9.864275382089013680e-03
-4.019748295516536313e-02
2.224890089978665692e-02
-4.413895922280287876e-02
-4.288711745994230190e-02
2.593785771086288411e-02
2.238195509435913708e-02
5.216183480224449720e-02
-3.679196794182587604e-02
1.515357296818321386e-03
7.409041585980167058e-03
2.597152282249433689e-02
1.247132786709465313e-01
7.943818627642347877e-03
1.935953037665181717e-02
2.395541731465278823e-01
-2.589108253312205621e-02
2.094698059170949089e-02
2.238700999576919218e-03
3.665946791135712979e-02
1.707363145074261568e-01
3.933319080493839076e-02
-3.001471811999923203e-02
-4.575597541887201081e-02
-1.097929602039064527e-02
4.873673835261500831e-03
-2.486961687975468641e-02
2.343189142935485011e-02
6.294807669676596995e-02
2.529465552942363263e-02
-1.359627385630189922e-01
-7.857205566782746176e-02
1.091216143295675994e-03
1.261187520202988917e-02
-2.152303192407217097e-02
1.323113657462924864e-01
4.288273647032260667e-03
4.028605227121248231e-03
3.019777396832697310e-03
-2.046151078865355178e-03
-1.620213228798330907e-01
1.928383031762129912e-02
1.587514929332786706e-02
-5.697072664927928937e-02
4.867358763604487382e-02
-1.844473761726857924e-02
4.033166612369381426e-02
-7.702681983682709010e-02
9.708428520896926137e-03
2.031966323654235684e-02
-8.195705078266123794e-03
-5.697072664927993468e-02
-1.397327546999499806e-02
-1.473782177224712830e-01
4.618028526708279485e-02
5.185561947724122434e-02
-3.480604814894648277e-03
2.651474619042274231e-02
1.207604534338720809e-02
-6.468221934077408863e-02
-5.242993347292662122e-03
-1.367636402883078139e-02
-3.496911799844699964e-02
3.227149590843134130e-02
3.054879716611857976e-02
-2.152442645589831491e-02
4.197911027148266971e-02
7.852740181373352168e-02
-7.104913616490821093e-02
-4.481883734317143597e-02
4.197118995434435951e-02
